80 0.898047 0.301389 0.100781 0.086111
0 0.049219 0.606944 0.059375 0.319444
0 0.117578 0.605556 0.064844 0.266667
0 0.213672 0.580556 0.067969 0.247222
0 0.272266 0.413889 0.049219 0.136111
0 0.330859 0.556944 0.050781 0.225000
0 0.405078 0.542361 0.057031 0.204167
0 0.481641 0.534722 0.058594 0.188889
0 0.541797 0.530556 0.044531 0.172222
0 0.581641 0.534722 0.044531 0.144444
0 0.801172 0.450694 0.027344 0.156944
0 0.698047 0.490278 0.052344 0.138889
0 0.825000 0.454861 0.040625 0.173611
0 0.914453 0.459028 0.025781 0.165278
0 0.953516 0.461806 0.041406 0.170833
